      0.0200      1.2814     -0.1584
      0.0400      1.4789     -0.0017
      0.0600      1.4752     -0.0475
      0.0800      1.5855      0.0196
      0.1000      1.5851     -0.0253
      0.1200      1.6796      0.0235
      0.1400      1.6218     -0.0814
      0.1600      1.7230     -0.0285
      0.1800      1.7960     -0.0053
      0.2000      1.8205     -0.0319
      0.2200      1.8249     -0.0801
      0.2400      1.9925      0.0334
      0.2600      1.9833     -0.0314
      0.2800      2.0453     -0.0266
      0.3000      2.1315      0.0008
      0.3200      2.1781     -0.0132
      0.3400      2.1953     -0.0582
      0.3600      2.2957     -0.0218
      0.3800      2.5220      0.1387
      0.4000      2.4144     -0.0366
      0.4200      2.4514     -0.0692
      0.4400      2.7047      0.1126
      0.4600      2.6560     -0.0097
      0.4800      2.7871      0.0457
      0.5000      2.8063     -0.0129
      0.5200      2.8537     -0.0456
      0.5400      2.9630     -0.0187
      0.5600      3.1539      0.0876
      0.5800      3.0723     -0.0810
      0.6000      3.2002     -0.0427
      0.6200      3.3984      0.0634
      0.6400      3.4262     -0.0035
      0.6600      3.6304      0.1033
      0.6800      3.6281      0.0009
      0.7000      3.6973     -0.0329
      0.7200      3.7506     -0.0855
      0.7400      3.9274     -0.0177
      0.7600      4.1009      0.0438
      0.7800      4.1063     -0.0660
      0.8000      4.2562     -0.0346
      0.8200      4.3747     -0.0379
      0.8400      4.5336     -0.0043
      0.8600      4.6828      0.0161
      0.8800      4.7545     -0.0448
      0.9000      4.9379      0.0023
      0.9200      5.0860      0.0103
      0.9400      5.3132      0.0933
      0.9600      5.3322     -0.0359
      0.9800      5.5324      0.0118
      1.0000      5.7054      0.0281
